Height/arb.u.	Counts
0	0
0.2	0
0.4	0
0.6	0
0.8	0
1	0
1.2	0
1.4	0
1.6	0
1.8	1
2	3
2.2	13
2.4	20
2.6	17
2.8	16
3	24
3.2	14
3.4	13
3.6	10
3.8	5
4	4
4.2	9
4.4	6
4.6	7
4.8	13
5	17
5.2	21
5.4	23
5.6	19
5.8	24
6	30
6.2	36
6.4	28
6.6	27
6.8	26
7	37
7.2	31
7.4	48
7.6	44
7.8	39
8	40
8.2	41
8.4	44
8.6	57
8.8	49
9	48
9.2	59
9.4	72
9.6	56
9.8	61
10	81
10.2	65
10.4	81
10.6	98
10.8	82
11	88
11.2	101
11.4	102
11.6	96
11.8	116
12	128
12.2	134
12.4	139
12.6	146
12.8	176
13	207
13.2	196
13.4	206
13.6	206
13.8	200
14	177
14.2	206
14.4	204
14.6	159
14.8	186
15	160
15.2	155
15.4	142
15.6	141
15.8	123
16	132
16.2	109
16.4	124
16.6	117
16.8	109
17	117
17.2	119
17.4	127
17.6	124
17.8	134
18	137
18.2	123
18.4	128
18.6	125
18.8	129
19	161
19.2	133
19.4	119
19.6	126
19.8	109
20	130
20.2	105
20.4	88
20.6	77
20.8	105
21	91
21.2	93
21.4	100
21.6	62
21.8	85
22	68
22.2	81
22.4	79
22.6	77
22.8	76
23	69
23.2	65
23.4	73
23.6	55
23.8	65
24	68
24.2	78
24.4	59
24.6	78
24.8	71
25	58
25.2	78
25.4	67
25.6	67
25.8	93
26	82
26.2	88
26.4	84
26.6	81
26.8	90
27	80
27.2	98
27.4	113
27.6	93
27.8	113
28	96
28.2	88
28.4	86
28.6	80
28.8	92
29	82
29.2	70
29.4	84
29.6	77
29.8	82
30	90
30.2	100
30.4	94
30.6	96
30.8	102
31	90
31.2	99
31.4	97
31.6	115
31.8	111
32	103
32.2	105
32.4	99
32.6	106
32.8	92
33	86
33.2	102
33.4	72
33.6	76
33.8	70
34	71
34.2	55
34.4	49
34.6	50
34.8	39
35	43
35.2	40
35.4	46
35.6	46
35.8	44
36	40
36.2	37
36.4	43
36.6	50
36.8	33
37	48
37.2	40
37.4	46
37.6	43
37.8	35
38	35
38.2	36
38.4	47
38.6	43
38.8	46
39	48
39.2	60
39.4	42
39.6	41
39.8	61
40	47
40.2	50
40.4	43
40.6	45
40.8	42
41	49
41.2	42
41.4	37
41.6	39
41.8	41
42	40
42.2	37
42.4	42
42.6	34
42.8	34
43	31
43.2	23
43.4	34
43.6	38
43.8	27
44	32
44.2	29
44.4	25
44.6	40
44.8	32
45	35
45.2	32
45.4	28
45.6	32
45.8	35
46	28
46.2	35
46.4	42
46.6	42
46.8	39
47	46
47.2	43
47.4	27
47.6	60
47.8	41
48	43
48.2	53
48.4	52
48.6	55
48.8	51
49	66
49.2	66
49.4	51
49.6	52
49.8	66
50	54
50.2	56
50.4	48
50.6	52
50.8	48
51	55
51.2	51
51.4	54
51.6	46
51.8	60
52	47
52.2	52
52.4	41
52.6	53
52.8	42
53	50
53.2	41
53.4	28
53.6	51
53.8	20
54	33
54.2	26
54.4	20
54.6	24
54.8	19
55	21
55.2	19
55.4	19
55.6	21
55.8	12
56	17
56.2	5
56.4	11
56.6	12
56.8	13
57	8
57.2	15
57.4	14
57.6	12
57.8	9
58	13
58.2	18
58.4	12
58.6	12
58.8	10
59	19
59.2	8
59.4	11
59.6	11
59.8	14
60	10
60.2	10
60.4	7
60.6	13
60.8	6
61	7
61.2	14
61.4	10
61.6	13
61.8	11
62	12
62.2	10
62.4	7
62.6	11
62.8	15
63	17
63.2	13
63.4	10
63.6	14
63.8	12
64	13
64.2	16
64.4	12
64.6	16
64.8	9
65	10
65.2	14
65.4	7
65.6	7
65.8	7
66	12
66.2	7
66.4	12
66.6	8
66.8	9
67	8
67.2	11
67.4	7
67.6	6
67.8	10
68	9
68.2	14
68.4	8
68.6	6
68.8	8
69	9
69.2	7
69.4	12
69.6	12
69.8	12
70	9
70.2	16
70.4	9
70.6	12
70.8	10
71	6
71.2	8
71.4	5
71.6	6
71.8	7
72	7
72.2	15
72.4	12
72.6	11
72.8	5
73	6
73.2	7
73.4	7
73.6	8
73.8	7
74	7
74.2	13
74.4	12
74.6	6
74.8	8
75	3
75.2	7
75.4	10
75.6	8
75.8	13
76	7
76.2	14
76.4	6
76.6	12
76.8	15
77	7
77.2	11
77.4	6
77.6	9
77.8	8
78	5
78.2	4
78.4	11
78.6	14
78.8	11
79	5
79.2	12
79.4	8
79.6	11
79.8	16
80	5
80.2	10
80.4	12
80.6	12
80.8	8
81	4
81.2	8
81.4	12
81.6	16
81.8	13
82	9
82.2	9
82.4	10
82.6	10
82.8	9
83	9
83.2	13
83.4	9
83.6	13
83.8	11
84	17
84.2	12
84.4	18
84.6	13
84.8	13
85	15
85.2	6
85.4	12
85.6	15
85.8	15
86	14
86.2	14
86.4	11
86.6	15
86.8	16
87	12
87.2	7
87.4	8
87.6	6
87.8	11
88	11
88.2	12
88.4	13
88.6	10
88.8	4
89	9
89.2	11
89.4	6
89.6	11
89.8	8
90	10
90.2	7
90.4	5
90.6	1
90.8	8
91	7
91.2	11
91.4	4
91.6	3
91.8	4
92	2
92.2	9
92.4	11
92.6	3
92.8	8
93	8
93.2	9
93.4	4
93.6	4
93.8	10
94	8
94.2	13
94.4	7
94.6	3
94.8	4
95	5
95.2	4
95.4	12
95.6	5
95.8	3
96	7
96.2	8
96.4	12
96.6	3
96.8	5
97	8
97.2	4
97.4	5
97.6	11
97.8	5
98	4
98.2	1
98.4	6
98.6	5
98.8	5
99	5
99.2	7
99.4	1
99.6	4
99.8	6
100	8
100.2	5
100.4	8
100.6	5
100.8	5
101	5
101.2	3
101.4	7
101.6	6
101.8	4
102	4
102.2	2
102.4	5
102.6	10
102.8	4
103	7
103.2	4
103.4	4
103.6	9
103.8	3
104	4
104.2	5
104.4	7
104.6	7
104.8	4
105	1
105.2	6
105.4	4
105.6	5
105.8	7
106	8
106.2	6
106.4	8
106.6	3
106.8	3
107	6
107.2	4
107.4	4
107.6	9
107.8	3
108	8
108.2	4
108.4	8
108.6	4
108.8	7
109	10
109.2	6
109.4	6
109.6	12
109.8	9
110	15
110.2	11
110.4	15
110.6	17
110.8	11
111	9
111.2	11
111.4	11
111.6	15
111.8	12
112	11
112.2	15
112.4	13
112.6	16
112.8	13
113	20
113.2	18
113.4	11
113.6	13
113.8	14
114	11
114.2	16
114.4	14
114.6	14
114.8	18
115	14
115.2	13
115.4	8
115.6	22
115.8	14
116	11
116.2	11
116.4	12
116.6	13
116.8	16
117	19
117.2	18
117.4	15
117.6	8
117.8	11
118	3
118.2	14
118.4	16
118.6	13
118.8	6
119	10
119.2	11
119.4	19
119.6	9
119.8	7
120	9
120.2	13
120.4	15
120.6	12
120.8	9
121	11
121.2	10
121.4	5
121.6	10
121.8	6
122	4
122.2	9
122.4	10
122.6	11
122.8	12
123	6
123.2	6
123.4	6
123.6	3
123.8	5
124	7
124.2	9
124.4	4
124.6	6
124.8	5
125	3
125.2	2
125.4	5
125.6	5
125.8	3
126	4
126.2	7
126.4	3
126.6	2
126.8	2
127	2
127.2	5
127.4	3
127.6	1
127.8	2
128	1
128.2	1
128.4	1
128.6	1
128.8	4
129	1
129.2	1
129.4	1
129.6	3
129.8	3
130	3
130.2	2
130.4	2
130.6	2
130.8	0
131	1
131.2	1
131.4	1
131.6	1
131.8	2
132	2
132.2	1
132.4	1
132.6	0
132.8	1
133	2
133.2	1
133.4	0
133.6	0
133.8	2
134	2
134.2	0
134.4	0
134.6	1
134.8	0
135	0
135.2	1
135.4	1
135.6	1
135.8	0
136	1
136.2	0
136.4	0
136.6	0
136.8	2
137	0
137.2	1
137.4	0
137.6	1
137.8	1
138	0
138.2	1
138.4	2
138.6	0
138.8	0
139	1
139.2	0
139.4	1
139.6	0
139.8	0
140	0
140.2	0
140.4	1
140.6	0
140.8	0
141	0
141.2	0
141.4	0
141.6	0
141.8	1
142	0
142.2	0
142.4	0
142.6	0
142.8	2
