Height/arb.u.	Counts
0	0
0.2	0
0.4	0
0.6	0
0.8	0
1	0
1.2	0
1.4	0
1.6	0
1.8	0
2	5
2.2	14
2.4	22
2.6	30
2.8	28
3	30
3.2	13
3.4	12
3.6	8
3.8	5
4	5
4.2	9
4.4	8
4.6	9
4.8	17
5	25
5.2	24
5.4	30
5.6	47
5.8	42
6	60
6.2	70
6.4	87
6.6	88
6.8	84
7	112
7.2	120
7.4	115
7.6	128
7.8	151
8	151
8.2	176
8.4	165
8.6	141
8.8	169
9	163
9.2	161
9.4	170
9.6	166
9.8	159
10	170
10.2	149
10.4	174
10.6	175
10.8	183
11	185
11.2	143
11.4	143
11.6	166
11.8	169
12	162
12.2	160
12.4	158
12.6	168
12.8	173
13	171
13.2	181
13.4	146
13.6	133
13.8	115
14	133
14.2	114
14.4	125
14.6	133
14.8	115
15	102
15.2	118
15.4	103
15.6	93
15.8	111
16	97
16.2	108
16.4	102
16.6	86
16.8	101
17	72
17.2	88
17.4	97
17.6	74
17.8	74
18	75
18.2	77
18.4	79
18.6	84
18.8	92
19	78
19.2	82
19.4	81
19.6	82
19.8	79
20	59
20.2	73
20.4	53
20.6	61
20.8	74
21	65
21.2	66
21.4	70
21.6	67
21.8	60
22	66
22.2	46
22.4	58
22.6	52
22.8	46
23	50
23.2	51
23.4	54
23.6	48
23.8	41
24	46
24.2	47
24.4	49
24.6	50
24.8	43
25	38
25.2	46
25.4	53
25.6	42
25.8	52
26	53
26.2	42
26.4	47
26.6	56
26.8	39
27	50
27.2	32
27.4	48
27.6	33
27.8	51
28	54
28.2	50
28.4	41
28.6	42
28.8	43
29	38
29.2	37
29.4	32
29.6	34
29.8	35
30	41
30.2	42
30.4	26
30.6	30
30.8	35
31	34
31.2	36
31.4	28
31.6	39
31.8	45
32	28
32.2	32
32.4	39
32.6	46
32.8	40
33	44
33.2	39
33.4	30
33.6	32
33.8	31
34	29
34.2	31
34.4	28
34.6	38
34.8	28
35	42
35.2	31
35.4	30
35.6	32
35.8	33
36	37
36.2	27
36.4	28
36.6	29
36.8	33
37	27
37.2	26
37.4	24
37.6	24
37.8	28
38	32
38.2	17
38.4	31
38.6	34
38.8	23
39	31
39.2	35
39.4	27
39.6	32
39.8	20
40	28
40.2	23
40.4	27
40.6	26
40.8	28
41	25
41.2	23
41.4	34
41.6	33
41.8	24
42	36
42.2	26
42.4	17
42.6	20
42.8	23
43	31
43.2	22
43.4	19
43.6	21
43.8	22
44	19
44.2	20
44.4	19
44.6	23
44.8	22
45	28
45.2	28
45.4	21
45.6	24
45.8	15
46	18
46.2	21
46.4	15
46.6	18
46.8	24
47	19
47.2	19
47.4	21
47.6	24
47.8	23
48	28
48.2	24
48.4	11
48.6	25
48.8	16
49	15
49.2	17
49.4	18
49.6	13
49.8	18
50	21
50.2	19
50.4	23
50.6	26
50.8	24
51	18
51.2	24
51.4	23
51.6	23
51.8	15
52	23
52.2	20
52.4	11
52.6	25
52.8	12
53	27
53.2	20
53.4	14
53.6	13
53.8	18
54	20
54.2	18
54.4	16
54.6	15
54.8	14
55	13
55.2	14
55.4	19
55.6	28
55.8	13
56	19
56.2	18
56.4	14
56.6	11
56.8	21
57	20
57.2	11
57.4	19
57.6	11
57.8	19
58	16
58.2	20
58.4	13
58.6	12
58.8	8
59	13
59.2	18
59.4	14
59.6	9
59.8	15
60	25
60.2	18
60.4	13
60.6	9
60.8	18
61	19
61.2	12
61.4	16
61.6	10
61.8	14
62	18
62.2	15
62.4	15
62.6	11
62.8	14
63	15
63.2	7
63.4	16
63.6	15
63.8	11
64	10
64.2	11
64.4	15
64.6	12
64.8	13
65	11
65.2	10
65.4	14
65.6	11
65.8	15
66	8
66.2	9
66.4	13
66.6	8
66.8	6
67	11
67.2	11
67.4	11
67.6	14
67.8	14
68	9
68.2	11
68.4	12
68.6	17
68.8	12
69	7
69.2	13
69.4	8
69.6	12
69.8	12
70	8
70.2	7
70.4	10
70.6	6
70.8	6
71	4
71.2	9
71.4	8
71.6	8
71.8	9
72	13
72.2	9
72.4	4
72.6	7
72.8	9
73	4
73.2	10
73.4	14
73.6	4
73.8	7
74	13
74.2	12
74.4	11
74.6	3
74.8	10
75	7
75.2	9
75.4	9
75.6	11
75.8	15
76	19
76.2	13
76.4	10
76.6	7
76.8	11
77	17
77.2	8
77.4	12
77.6	7
77.8	10
78	12
78.2	8
78.4	12
78.6	14
78.8	11
79	7
79.2	5
79.4	8
79.6	8
79.8	11
80	13
80.2	6
80.4	12
80.6	7
80.8	9
81	10
81.2	8
81.4	1
81.6	4
81.8	8
82	9
82.2	6
82.4	12
82.6	6
82.8	2
83	5
83.2	3
83.4	4
83.6	3
83.8	3
84	6
84.2	5
84.4	7
84.6	3
84.8	3
85	7
85.2	3
85.4	4
85.6	4
85.8	3
86	6
86.2	7
86.4	4
86.6	6
86.8	2
87	3
87.2	7
87.4	3
87.6	1
87.8	6
88	7
88.2	3
88.4	1
88.6	3
88.8	7
89	5
89.2	2
89.4	5
89.6	10
89.8	9
90	6
90.2	4
90.4	11
90.6	5
90.8	6
91	5
91.2	5
91.4	5
91.6	6
91.8	8
92	11
92.2	6
92.4	10
92.6	4
92.8	7
93	9
93.2	8
93.4	12
93.6	9
93.8	7
94	4
94.2	8
94.4	6
94.6	2
94.8	5
95	9
95.2	4
95.4	8
95.6	4
95.8	6
96	4
96.2	4
96.4	4
96.6	3
96.8	4
97	5
97.2	5
97.4	8
97.6	4
97.8	1
98	3
98.2	3
98.4	1
98.6	3
98.8	4
99	2
99.2	4
99.4	1
99.6	5
99.8	1
100	1
100.2	1
100.4	2
100.6	1
100.8	4
101	2
101.2	2
101.4	1
101.6	2
101.8	4
102	0
102.2	1
102.4	2
102.6	2
102.8	3
103	1
103.2	3
103.4	2
103.6	1
103.8	1
104	1
104.2	5
104.4	1
104.6	2
104.8	0
105	0
105.2	1
105.4	0
105.6	3
105.8	0
106	2
106.2	0
106.4	2
106.6	0
106.8	2
107	1
107.2	1
107.4	2
107.6	4
107.8	4
108	4
108.2	1
108.4	2
108.6	4
108.8	3
109	1
109.2	2
109.4	4
109.6	4
109.8	2
110	1
110.2	3
110.4	1
110.6	1
110.8	0
111	1
111.2	4
111.4	3
111.6	4
111.8	1
112	4
112.2	2
112.4	4
112.6	3
112.8	2
113	3
113.2	1
113.4	0
113.6	3
113.8	7
114	2
114.2	3
114.4	4
114.6	4
114.8	4
115	3
115.2	3
115.4	6
115.6	2
115.8	1
116	1
116.2	1
116.4	6
116.6	0
116.8	1
117	3
117.2	3
117.4	3
117.6	1
117.8	0
118	1
118.2	1
118.4	2
118.6	3
118.8	1
119	0
119.2	2
119.4	1
119.6	1
119.8	2
120	1
120.2	2
120.4	3
120.6	2
120.8	1
121	1
121.2	1
121.4	3
121.6	1
121.8	4
122	2
122.2	1
122.4	0
122.6	0
122.8	1
123	2
123.2	0
123.4	0
123.6	0
123.8	0
124	0
124.2	0
124.4	0
124.6	0
124.8	0
125	0
125.2	1
125.4	0
125.6	2
125.8	0
126	1
126.2	0
126.4	0
126.6	1
126.8	0
127	0
127.2	0
127.4	0
127.6	1
127.8	1
128	0
128.2	0
128.4	0
128.6	0
128.8	0
129	0
129.2	1
129.4	0
129.6	1
129.8	0
130	2
130.2	0
130.4	0
130.6	0
130.8	0
131	0
131.2	0
131.4	0
131.6	1
131.8	0
132	0
132.2	0
132.4	0
132.6	0
132.8	0
133	1
133.2	0
133.4	0
133.6	0
133.8	0
134	0
134.2	0
134.4	0
134.6	0
134.8	0
135	0
135.2	0
135.4	0
135.6	0
135.8	0
136	0
136.2	0
136.4	0
136.6	0
136.8	0
137	0
137.2	0
137.4	0
137.6	0
137.8	0
138	0
138.2	0
138.4	0
138.6	0
138.8	0
139	0
139.2	1
139.4	0
139.6	0
139.8	0
140	0
140.2	0
140.4	0
140.6	0
140.8	0
141	0
141.2	0
141.4	0
141.6	0
141.8	0
142	0
142.2	0
142.4	0
142.6	0
142.8	0
143	0
143.2	0
143.4	0
143.6	0
143.8	0
144	0
144.2	0
144.4	0
144.6	1
