Height/arb.u.	Counts
0	0
0.2	0
0.4	0
0.6	0
0.8	0
1	0
1.2	0
1.4	0
1.6	0
1.8	1
2	7
2.2	10
2.4	18
2.6	30
2.8	22
3	19
3.2	17
3.4	11
3.6	11
3.8	11
4	3
4.2	9
4.4	12
4.6	23
4.8	35
5	35
5.2	45
5.4	66
5.6	67
5.8	84
6	85
6.2	78
6.4	76
6.6	77
6.8	71
7	87
7.2	81
7.4	88
7.6	69
7.8	88
8	66
8.2	73
8.4	81
8.6	63
8.8	72
9	62
9.2	80
9.4	70
9.6	101
9.8	80
10	71
10.2	71
10.4	92
10.6	93
10.8	111
11	98
11.2	100
11.4	115
11.6	144
11.8	158
12	166
12.2	183
12.4	227
12.6	240
12.8	285
13	295
13.2	315
13.4	330
13.6	347
13.8	369
14	350
14.2	293
14.4	310
14.6	287
14.8	235
15	191
15.2	178
15.4	197
15.6	155
15.8	139
16	128
16.2	112
16.4	109
16.6	109
16.8	120
17	117
17.2	128
17.4	111
17.6	122
17.8	110
18	111
18.2	115
18.4	145
18.6	113
18.8	113
19	116
19.2	119
19.4	120
19.6	103
19.8	104
20	84
20.2	87
20.4	69
20.6	73
20.8	68
21	69
21.2	71
21.4	56
21.6	58
21.8	50
22	60
22.2	53
22.4	46
22.6	61
22.8	55
23	58
23.2	47
23.4	47
23.6	48
23.8	48
24	45
24.2	40
24.4	57
24.6	49
24.8	48
25	56
25.2	55
25.4	51
25.6	54
25.8	57
26	61
26.2	54
26.4	65
26.6	56
26.8	57
27	72
27.2	55
27.4	62
27.6	63
27.8	78
28	64
28.2	77
28.4	59
28.6	71
28.8	74
29	75
29.2	53
29.4	55
29.6	59
29.8	52
30	70
30.2	61
30.4	96
30.6	60
30.8	60
31	79
31.2	87
31.4	88
31.6	82
31.8	94
32	80
32.2	108
32.4	84
32.6	74
32.8	75
33	70
33.2	76
33.4	74
33.6	55
33.8	46
34	54
34.2	47
34.4	46
34.6	37
34.8	36
35	38
35.2	32
35.4	37
35.6	33
35.8	38
36	41
36.2	31
36.4	30
36.6	39
36.8	41
37	36
37.2	30
37.4	39
37.6	37
37.8	33
38	38
38.2	33
38.4	30
38.6	33
38.8	31
39	39
39.2	27
39.4	45
39.6	33
39.8	43
40	34
40.2	33
40.4	27
40.6	30
40.8	41
41	35
41.2	34
41.4	35
41.6	14
41.8	35
42	30
42.2	29
42.4	33
42.6	27
42.8	30
43	23
43.2	33
43.4	23
43.6	34
43.8	20
44	25
44.2	27
44.4	21
44.6	28
44.8	32
45	25
45.2	28
45.4	19
45.6	15
45.8	26
46	22
46.2	13
46.4	27
46.6	35
46.8	28
47	21
47.2	38
47.4	44
47.6	39
47.8	42
48	47
48.2	32
48.4	39
48.6	42
48.8	54
49	56
49.2	42
49.4	41
49.6	46
49.8	36
50	39
50.2	43
50.4	42
50.6	33
50.8	37
51	45
51.2	40
51.4	44
51.6	40
51.8	37
52	51
52.2	33
52.4	38
52.6	28
52.8	35
53	22
53.2	26
53.4	29
53.6	21
53.8	27
54	19
54.2	21
54.4	22
54.6	17
54.8	23
55	15
55.2	16
55.4	15
55.6	9
55.8	13
56	9
56.2	10
56.4	9
56.6	12
56.8	9
57	15
57.2	9
57.4	18
57.6	16
57.8	17
58	8
58.2	13
58.4	12
58.6	10
58.8	7
59	10
59.2	11
59.4	17
59.6	14
59.8	12
60	10
60.2	9
60.4	19
60.6	16
60.8	6
61	6
61.2	7
61.4	12
61.6	10
61.8	13
62	11
62.2	21
62.4	8
62.6	5
62.8	9
63	8
63.2	11
63.4	14
63.6	14
63.8	9
64	11
64.2	3
64.4	7
64.6	7
64.8	8
65	7
65.2	4
65.4	6
65.6	9
65.8	8
66	8
66.2	11
66.4	10
66.6	9
66.8	10
67	4
67.2	6
67.4	7
67.6	8
67.8	7
68	7
68.2	10
68.4	5
68.6	10
68.8	9
69	10
69.2	6
69.4	5
69.6	8
69.8	10
70	7
70.2	6
70.4	6
70.6	4
70.8	3
71	7
71.2	6
71.4	7
71.6	8
71.8	4
72	2
72.2	8
72.4	7
72.6	9
72.8	6
73	3
73.2	4
73.4	5
73.6	9
73.8	4
74	5
74.2	8
74.4	3
74.6	7
74.8	5
75	8
75.2	5
75.4	11
75.6	8
75.8	4
76	8
76.2	5
76.4	13
76.6	7
76.8	10
77	6
77.2	4
77.4	6
77.6	5
77.8	10
78	9
78.2	5
78.4	7
78.6	7
78.8	13
79	4
79.2	5
79.4	5
79.6	7
79.8	10
80	4
80.2	8
80.4	9
80.6	12
80.8	13
81	8
81.2	4
81.4	10
81.6	1
81.8	7
82	7
82.2	4
82.4	7
82.6	4
82.8	6
83	12
83.2	6
83.4	10
83.6	4
83.8	13
84	7
84.2	6
84.4	9
84.6	9
84.8	11
85	9
85.2	6
85.4	14
85.6	10
85.8	5
86	8
86.2	6
86.4	11
86.6	4
86.8	6
87	8
87.2	7
87.4	7
87.6	8
87.8	13
88	4
88.2	6
88.4	3
88.6	4
88.8	5
89	4
89.2	4
89.4	6
89.6	5
89.8	8
90	5
90.2	5
90.4	1
90.6	4
90.8	6
91	1
91.2	11
91.4	2
91.6	6
91.8	6
92	4
92.2	9
92.4	7
92.6	5
92.8	2
93	5
93.2	4
93.4	5
93.6	5
93.8	2
94	3
94.2	3
94.4	8
94.6	6
94.8	6
95	4
95.2	2
95.4	3
95.6	4
95.8	3
96	4
96.2	3
96.4	4
96.6	5
96.8	2
97	5
97.2	3
97.4	3
97.6	1
97.8	5
98	2
98.2	3
98.4	5
98.6	6
98.8	5
99	2
99.2	5
99.4	6
99.6	1
99.8	5
100	5
100.2	4
100.4	2
100.6	3
100.8	2
101	2
101.2	5
101.4	2
101.6	2
101.8	4
102	5
102.2	5
102.4	4
102.6	4
102.8	2
103	2
103.2	0
103.4	2
103.6	5
103.8	1
104	1
104.2	6
104.4	2
104.6	1
104.8	2
105	5
105.2	2
105.4	3
105.6	2
105.8	4
106	2
106.2	6
106.4	6
106.6	3
106.8	4
107	2
107.2	3
107.4	5
107.6	4
107.8	4
108	5
108.2	4
108.4	4
108.6	6
108.8	4
109	3
109.2	6
109.4	5
109.6	3
109.8	4
110	7
110.2	8
110.4	12
110.6	14
110.8	8
111	9
111.2	9
111.4	8
111.6	6
111.8	11
112	7
112.2	11
112.4	11
112.6	7
112.8	8
113	11
113.2	12
113.4	9
113.6	8
113.8	10
114	11
114.2	8
114.4	16
114.6	9
114.8	6
115	5
115.2	14
115.4	6
115.6	17
115.8	8
116	11
116.2	7
116.4	8
116.6	7
116.8	9
117	17
117.2	8
117.4	13
117.6	19
117.8	12
118	10
118.2	6
118.4	6
118.6	16
118.8	6
119	9
119.2	10
119.4	5
119.6	12
119.8	9
120	11
120.2	9
120.4	4
120.6	5
120.8	10
121	4
121.2	1
121.4	8
121.6	8
121.8	5
122	9
122.2	9
122.4	5
122.6	4
122.8	9
123	3
123.2	5
123.4	5
123.6	3
123.8	8
124	3
124.2	2
124.4	5
124.6	4
124.8	7
125	7
125.2	2
125.4	2
125.6	1
125.8	4
126	1
126.2	1
126.4	5
126.6	6
126.8	3
127	7
127.2	4
127.4	0
127.6	2
127.8	2
128	2
128.2	2
128.4	0
128.6	0
128.8	7
129	0
129.2	0
129.4	1
129.6	1
129.8	0
130	0
130.2	1
130.4	1
130.6	1
130.8	0
131	1
131.2	1
131.4	0
131.6	1
131.8	0
132	1
132.2	0
132.4	1
132.6	0
132.8	4
133	2
133.2	0
133.4	1
133.6	3
133.8	0
134	0
134.2	0
134.4	2
134.6	0
134.8	0
135	1
135.2	2
135.4	0
135.6	2
135.8	1
136	0
136.2	2
136.4	0
136.6	0
136.8	0
137	0
137.2	0
137.4	0
137.6	1
137.8	0
138	0
138.2	1
138.4	0
138.6	0
138.8	0
139	0
139.2	0
139.4	0
139.6	0
139.8	0
140	0
140.2	0
140.4	0
140.6	0
140.8	0
141	0
141.2	0
141.4	0
141.6	1
141.8	0
142	0
142.2	0
142.4	0
142.6	0
142.8	0
143	0
143.2	0
143.4	0
143.6	0
143.8	0
144	0
144.2	0
144.4	1
144.6	0
144.8	0
145	0
145.2	0
145.4	0
145.6	0
145.8	0
146	0
146.2	1
146.4	0
146.6	0
146.8	0
147	0
147.2	0
147.4	0
147.6	0
147.8	0
148	0
148.2	0
148.4	0
148.6	0
148.8	0
149	0
149.2	0
149.4	0
149.6	0
149.8	0
150	0
150.2	0
150.4	0
150.6	1
