Height/arb.u.	Counts
0	0
0.2	0
0.4	0
0.6	0
0.8	0
1	0
1.2	0
1.4	0
1.6	0
1.8	0
2	3
2.2	4
2.4	14
2.6	13
2.8	21
3	21
3.2	16
3.4	14
3.6	8
3.8	16
4	3
4.2	8
4.4	6
4.6	3
4.8	14
5	16
5.2	19
5.4	19
5.6	30
5.8	33
6	46
6.2	51
6.4	54
6.6	64
6.8	79
7	86
7.2	85
7.4	98
7.6	112
7.8	102
8	92
8.2	114
8.4	122
8.6	135
8.8	115
9	145
9.2	127
9.4	150
9.6	169
9.8	153
10	157
10.2	152
10.4	158
10.6	147
10.8	152
11	137
11.2	143
11.4	148
11.6	152
11.8	122
12	168
12.2	137
12.4	148
12.6	127
12.8	128
13	128
13.2	129
13.4	135
13.6	125
13.8	137
14	135
14.2	110
14.4	120
14.6	124
14.8	109
15	130
15.2	105
15.4	88
15.6	116
15.8	113
16	91
16.2	100
16.4	82
16.6	88
16.8	89
17	80
17.2	96
17.4	89
17.6	71
17.8	88
18	77
18.2	73
18.4	79
18.6	68
18.8	80
19	73
19.2	76
19.4	61
19.6	75
19.8	86
20	73
20.2	67
20.4	69
20.6	67
20.8	50
21	49
21.2	56
21.4	65
21.6	62
21.8	52
22	38
22.2	35
22.4	47
22.6	59
22.8	58
23	42
23.2	53
23.4	46
23.6	50
23.8	53
24	47
24.2	36
24.4	45
24.6	56
24.8	46
25	60
25.2	44
25.4	57
25.6	45
25.8	33
26	46
26.2	44
26.4	47
26.6	44
26.8	57
27	42
27.2	55
27.4	38
27.6	51
27.8	32
28	31
28.2	42
28.4	40
28.6	33
28.8	43
29	47
29.2	32
29.4	40
29.6	38
29.8	33
30	31
30.2	34
30.4	25
30.6	34
30.8	38
31	41
31.2	30
31.4	38
31.6	30
31.8	32
32	34
32.2	46
32.4	34
32.6	38
32.8	32
33	33
33.2	39
33.4	37
33.6	35
33.8	34
34	19
34.2	31
34.4	39
34.6	21
34.8	31
35	25
35.2	24
35.4	22
35.6	28
35.8	21
36	25
36.2	29
36.4	33
36.6	24
36.8	25
37	20
37.2	26
37.4	19
37.6	17
37.8	22
38	18
38.2	24
38.4	32
38.6	17
38.8	23
39	22
39.2	19
39.4	18
39.6	18
39.8	24
40	26
40.2	19
40.4	19
40.6	21
40.8	17
41	18
41.2	18
41.4	17
41.6	18
41.8	13
42	23
42.2	14
42.4	7
42.6	18
42.8	16
43	16
43.2	15
43.4	17
43.6	18
43.8	22
44	20
44.2	23
44.4	16
44.6	22
44.8	19
45	19
45.2	20
45.4	14
45.6	22
45.8	11
46	22
46.2	18
46.4	16
46.6	17
46.8	16
47	15
47.2	13
47.4	21
47.6	10
47.8	19
48	17
48.2	23
48.4	16
48.6	8
48.8	18
49	15
49.2	13
49.4	21
49.6	18
49.8	13
50	15
50.2	13
50.4	19
50.6	20
50.8	16
51	16
51.2	14
51.4	19
51.6	22
51.8	16
52	24
52.2	15
52.4	6
52.6	14
52.8	13
53	11
53.2	7
53.4	15
53.6	11
53.8	11
54	14
54.2	17
54.4	12
54.6	10
54.8	10
55	12
55.2	12
55.4	11
55.6	9
55.8	12
56	11
56.2	17
56.4	7
56.6	11
56.8	8
57	9
57.2	15
57.4	10
57.6	11
57.8	12
58	8
58.2	6
58.4	14
58.6	15
58.8	13
59	11
59.2	16
59.4	19
59.6	12
59.8	9
60	7
60.2	9
60.4	10
60.6	9
60.8	19
61	11
61.2	16
61.4	11
61.6	11
61.8	6
62	8
62.2	13
62.4	10
62.6	9
62.8	12
63	6
63.2	11
63.4	6
63.6	11
63.8	13
64	9
64.2	9
64.4	13
64.6	6
64.8	9
65	8
65.2	9
65.4	12
65.6	9
65.8	9
66	7
66.2	7
66.4	9
66.6	6
66.8	9
67	13
67.2	6
67.4	10
67.6	7
67.8	3
68	7
68.2	6
68.4	6
68.6	4
68.8	11
69	10
69.2	8
69.4	5
69.6	8
69.8	6
70	3
70.2	5
70.4	6
70.6	6
70.8	6
71	5
71.2	6
71.4	4
71.6	3
71.8	6
72	8
72.2	4
72.4	6
72.6	4
72.8	5
73	8
73.2	7
73.4	8
73.6	5
73.8	7
74	4
74.2	6
74.4	9
74.6	8
74.8	10
75	17
75.2	9
75.4	8
75.6	11
75.8	12
76	12
76.2	7
76.4	14
76.6	7
76.8	5
77	10
77.2	9
77.4	10
77.6	4
77.8	5
78	9
78.2	14
78.4	6
78.6	7
78.8	6
79	7
79.2	11
79.4	6
79.6	8
79.8	10
80	6
80.2	5
80.4	6
80.6	4
80.8	3
81	7
81.2	2
81.4	6
81.6	5
81.8	8
82	8
82.2	3
82.4	0
82.6	2
82.8	4
83	3
83.2	3
83.4	0
83.6	7
83.8	7
84	5
84.2	3
84.4	7
84.6	4
84.8	2
85	2
85.2	4
85.4	3
85.6	3
85.8	6
86	4
86.2	4
86.4	2
86.6	7
86.8	3
87	3
87.2	1
87.4	1
87.6	3
87.8	2
88	3
88.2	2
88.4	4
88.6	8
88.8	2
89	6
89.2	1
89.4	0
89.6	2
89.8	4
90	1
90.2	2
90.4	6
90.6	3
90.8	5
91	5
91.2	7
91.4	4
91.6	3
91.8	8
92	2
92.2	4
92.4	3
92.6	4
92.8	3
93	2
93.2	3
93.4	2
93.6	0
93.8	5
94	3
94.2	1
94.4	5
94.6	6
94.8	5
95	4
95.2	3
95.4	4
95.6	3
95.8	2
96	3
96.2	6
96.4	1
96.6	0
96.8	3
97	2
97.2	2
97.4	1
97.6	2
97.8	1
98	1
98.2	1
98.4	4
98.6	1
98.8	2
99	4
99.2	2
99.4	2
99.6	0
99.8	0
100	2
100.2	2
100.4	3
100.6	0
100.8	1
101	1
101.2	5
101.4	0
101.6	2
101.8	4
102	0
102.2	3
102.4	1
102.6	2
102.8	1
103	1
103.2	1
103.4	1
103.6	2
103.8	2
104	3
104.2	0
104.4	2
104.6	0
104.8	1
105	1
105.2	2
105.4	3
105.6	2
105.8	2
106	1
106.2	1
106.4	2
106.6	3
106.8	0
107	3
107.2	1
107.4	0
107.6	1
107.8	0
108	2
108.2	1
108.4	1
108.6	1
108.8	3
109	1
109.2	1
109.4	3
109.6	2
109.8	1
110	2
110.2	5
110.4	4
110.6	3
110.8	5
111	3
111.2	2
111.4	4
111.6	1
111.8	2
112	3
112.2	2
112.4	2
112.6	2
112.8	0
113	2
113.2	3
113.4	2
113.6	2
113.8	0
114	5
114.2	0
114.4	2
114.6	4
114.8	1
115	2
115.2	2
115.4	4
115.6	1
115.8	3
116	5
116.2	4
116.4	3
116.6	4
116.8	3
117	3
117.2	2
117.4	2
117.6	3
117.8	6
118	3
118.2	2
118.4	2
118.6	0
118.8	3
119	2
119.2	2
119.4	3
119.6	1
119.8	4
120	2
120.2	2
120.4	0
120.6	1
120.8	1
121	3
121.2	1
121.4	0
121.6	1
121.8	0
122	1
122.2	2
122.4	0
122.6	0
122.8	0
123	0
123.2	0
123.4	2
123.6	0
123.8	0
124	0
124.2	0
124.4	2
124.6	0
124.8	0
125	1
125.2	1
125.4	0
125.6	0
125.8	0
126	0
126.2	0
126.4	0
126.6	0
126.8	0
127	2
127.2	1
127.4	0
127.6	0
127.8	0
128	0
128.2	0
128.4	0
128.6	0
128.8	0
129	0
129.2	0
129.4	0
129.6	0
129.8	0
130	0
130.2	1
130.4	0
130.6	0
130.8	1
131	0
131.2	0
131.4	0
131.6	0
131.8	0
132	0
132.2	1
132.4	0
132.6	0
132.8	0
133	0
133.2	0
133.4	0
133.6	0
133.8	0
134	0
134.2	0
134.4	0
134.6	1
134.8	0
135	0
135.2	0
135.4	0
135.6	0
135.8	0
136	0
136.2	0
136.4	0
136.6	0
136.8	0
137	0
137.2	0
137.4	0
137.6	0
137.8	0
138	0
138.2	0
138.4	0
138.6	0
138.8	0
139	1
139.2	0
139.4	0
139.6	0
139.8	0
140	0
140.2	0
140.4	0
140.6	1
140.8	0
141	0
141.2	0
141.4	0
141.6	0
141.8	0
142	0
142.2	0
142.4	0
142.6	1
142.8	0
143	0
143.2	0
143.4	0
143.6	0
143.8	0
144	0
144.2	0
144.4	0
144.6	1
144.8	0
145	0
145.2	0
145.4	0
145.6	0
145.8	0
146	0
146.2	0
146.4	0
146.6	0
146.8	0
147	0
147.2	0
147.4	0
147.6	0
147.8	0
148	0
148.2	0
148.4	0
148.6	0
148.8	0
149	0
149.2	0
149.4	0
149.6	1
149.8	0
150	0
150.2	0
150.4	0
150.6	0
150.8	0
151	0
151.2	1
151.4	0
151.6	0
151.8	0
152	1
